-----------------------------Lawrence T. Clark.xml-----------------------------

(1545,1555) (1545,1549) (1550,1552) (1553,1555)  2008-04-08  2008  04  08 
(1087,1097) (1087,1091) (1092,1094) (1095,1097)  2011-04-13  2011  04  13 
(152,162) (152,156) (157,159) (160,162)  2013-01-23  2013  01  23 
(47,57) (47,51) (52,54) (55,57)  2009-06-10  2009  06  10 
(631,641) (631,635) (636,638) (639,641)  2011-05-31  2011  05  31 



-----------------------------A. H. Nasution copy 2.xml-----------------------------

(48,58) (48,52) (53,55) (56,58)  2011-09-21  2011  09  21 
(150,160) (150,154) (155,157) (158,160)  2011-09-21  2011  09  21 



-----------------------------A. K. Pandey copy 3.xml-----------------------------

(48,58) (48,52) (53,55) (56,58)  2011-09-20  2011  09  20 
(146,156) (146,150) (151,153) (154,156)  2012-05-31  2012  05  31 
(650,660) (650,654) (655,657) (658,660)  2011-09-20  2011  09  20 



-----------------------------A. Vidyarthi copy 8.xml-----------------------------

(148,158) (148,152) (153,155) (156,158)  2007-12-03  2007  12  03 
(47,57) (47,51) (52,54) (55,57)  2009-06-09  2009  06  09 



-----------------------------A. Vidyarthi copy 7.xml-----------------------------

(148,158) (148,152) (153,155) (156,158)  2007-12-03  2007  12  03 
(47,57) (47,51) (52,54) (55,57)  2009-06-09  2009  06  09 



-----------------------------A. H. Nasution.xml-----------------------------

(48,58) (48,52) (53,55) (56,58)  2011-09-21  2011  09  21 
(150,160) (150,154) (155,157) (158,160)  2011-09-21  2011  09  21 



-----------------------------A. Vidyarthi copy 4.xml-----------------------------

(148,158) (148,152) (153,155) (156,158)  2007-12-03  2007  12  03 
(47,57) (47,51) (52,54) (55,57)  2009-06-09  2009  06  09 



-----------------------------A. H. Nasution copy.xml-----------------------------

(48,58) (48,52) (53,55) (56,58)  2011-09-21  2011  09  21 
(150,160) (150,154) (155,157) (158,160)  2011-09-21  2011  09  21 



-----------------------------A. K. Pandey copy 4.xml-----------------------------

(48,58) (48,52) (53,55) (56,58)  2011-09-20  2011  09  20 
(146,156) (146,150) (151,153) (154,156)  2012-05-31  2012  05  31 
(650,660) (650,654) (655,657) (658,660)  2011-09-20  2011  09  20 



-----------------------------A. K. Pandey.xml-----------------------------

(48,58) (48,52) (53,55) (56,58)  2011-09-20  2011  09  20 
(146,156) (146,150) (151,153) (154,156)  2012-05-31  2012  05  31 
(650,660) (650,654) (655,657) (658,660)  2011-09-20  2011  09  20 



-----------------------------A. Frank Ackerman copy 2.xml-----------------------------

(1043,1053) (1043,1047) (1048,1050) (1051,1053)  2009-10-06  2009  10  06 
(47,57) (47,51) (52,54) (55,57)  2009-06-09  2009  06  09 
(150,160) (150,154) (155,157) (158,160)  2011-11-07  2011  11  07 
(576,586) (576,580) (581,583) (584,586)  2011-11-07  2011  11  07 
(1585,1595) (1585,1589) (1590,1592) (1593,1595)  2014-12-03  2014  12  03 



-----------------------------A. Vidyarthi copy 6.xml-----------------------------

(148,158) (148,152) (153,155) (156,158)  2007-12-03  2007  12  03 
(47,57) (47,51) (52,54) (55,57)  2009-06-09  2009  06  09 



-----------------------------A. Buxbaum copy 2.xml-----------------------------

(48,58) (48,52) (53,55) (56,58)  2011-08-26  2011  08  26 
(146,156) (146,150) (151,153) (154,156)  2011-08-26  2011  08  26 



-----------------------------A. Vidyarthi copy 2.xml-----------------------------

(148,158) (148,152) (153,155) (156,158)  2007-12-03  2007  12  03 
(47,57) (47,51) (52,54) (55,57)  2009-06-09  2009  06  09 



-----------------------------A. Vidyarthi copy 5.xml-----------------------------

(148,158) (148,152) (153,155) (156,158)  2007-12-03  2007  12  03 
(47,57) (47,51) (52,54) (55,57)  2009-06-09  2009  06  09 



-----------------------------A. Bellagoun copy 3.xml-----------------------------

(48,58) (48,52) (53,55) (56,58)  2011-09-07  2011  09  07 
(146,156) (146,150) (151,153) (154,156)  2011-09-07  2011  09  07 



-----------------------------A. Bellagoun.xml-----------------------------

(48,58) (48,52) (53,55) (56,58)  2011-09-07  2011  09  07 
(146,156) (146,150) (151,153) (154,156)  2011-09-07  2011  09  07 



-----------------------------A. Bellagoun copy.xml-----------------------------

(48,58) (48,52) (53,55) (56,58)  2011-09-07  2011  09  07 
(146,156) (146,150) (151,153) (154,156)  2011-09-07  2011  09  07 



-----------------------------A. Frank Ackerman copy.xml-----------------------------

(1043,1053) (1043,1047) (1048,1050) (1051,1053)  2009-10-06  2009  10  06 
(47,57) (47,51) (52,54) (55,57)  2009-06-09  2009  06  09 
(150,160) (150,154) (155,157) (158,160)  2011-11-07  2011  11  07 
(576,586) (576,580) (581,583) (584,586)  2011-11-07  2011  11  07 
(1585,1595) (1585,1589) (1590,1592) (1593,1595)  2014-12-03  2014  12  03 



-----------------------------A. K. Pandey copy.xml-----------------------------

(48,58) (48,52) (53,55) (56,58)  2011-09-20  2011  09  20 
(146,156) (146,150) (151,153) (154,156)  2012-05-31  2012  05  31 
(650,660) (650,654) (655,657) (658,660)  2011-09-20  2011  09  20 



-----------------------------A. K. Pandey copy 5.xml-----------------------------

(48,58) (48,52) (53,55) (56,58)  2011-09-20  2011  09  20 
(146,156) (146,150) (151,153) (154,156)  2012-05-31  2012  05  31 
(650,660) (650,654) (655,657) (658,660)  2011-09-20  2011  09  20 



-----------------------------A. Buxbaum copy.xml-----------------------------

(48,58) (48,52) (53,55) (56,58)  2011-08-26  2011  08  26 
(146,156) (146,150) (151,153) (154,156)  2011-08-26  2011  08  26 



-----------------------------A. Buxbaum.xml-----------------------------

(48,58) (48,52) (53,55) (56,58)  2011-08-26  2011  08  26 
(146,156) (146,150) (151,153) (154,156)  2011-08-26  2011  08  26 



-----------------------------A. Frank Ackerman.xml-----------------------------

(1043,1053) (1043,1047) (1048,1050) (1051,1053)  2009-10-06  2009  10  06 
(47,57) (47,51) (52,54) (55,57)  2009-06-09  2009  06  09 
(150,160) (150,154) (155,157) (158,160)  2011-11-07  2011  11  07 
(576,586) (576,580) (581,583) (584,586)  2011-11-07  2011  11  07 
(1585,1595) (1585,1589) (1590,1592) (1593,1595)  2014-12-03  2014  12  03 



-----------------------------A. Bellagoun copy 2.xml-----------------------------

(48,58) (48,52) (53,55) (56,58)  2011-09-07  2011  09  07 
(146,156) (146,150) (151,153) (154,156)  2011-09-07  2011  09  07 



-----------------------------A. Vidyarthi copy 3.xml-----------------------------

(148,158) (148,152) (153,155) (156,158)  2007-12-03  2007  12  03 
(47,57) (47,51) (52,54) (55,57)  2009-06-09  2009  06  09 



-----------------------------A. K. Pandey copy 2.xml-----------------------------

(48,58) (48,52) (53,55) (56,58)  2011-09-20  2011  09  20 
(146,156) (146,150) (151,153) (154,156)  2012-05-31  2012  05  31 
(650,660) (650,654) (655,657) (658,660)  2011-09-20  2011  09  20 




 
****************************************************************************
Time elapsed: 0h0m1s.