-----------------------------L. Lacaze.xml-----------------------------

(144,149) (144,146) (147,149)  05-25  05  25 
(52,57) (52,54) (55,57)  06-09  06  09 



-----------------------------Martin Kortmann.xml-----------------------------

(151,156) (151,153) (154,156)  07-17  07  17 
(54,59) (54,56) (57,59)  03-15  03  15 



-----------------------------Gustavo C. Frainer.xml-----------------------------

(54,59) (54,56) (57,59)  08-24  08  24 
(158,163) (158,160) (161,163)  08-24  08  24 



-----------------------------Alin Cârsteanu Jesús Medel.xml-----------------------------

(164,169) (164,166) (167,169)  02-11  02  11 
(54,59) (54,56) (57,59)  04-12  04  12 



-----------------------------Tom Lent.xml-----------------------------

(151,156) (151,153) (154,156)  05-28  05  28 
(54,59) (54,56) (57,59)  01-14  01  14 



-----------------------------Tomoyuki Otani.xml-----------------------------

(53,58) (53,55) (56,58)  06-09  06  09 
(156,161) (156,158) (159,161)  05-20  05  20 



-----------------------------Cui-Cui Zheng.xml-----------------------------

(54,59) (54,56) (57,59)  02-04  02  04 
(152,157) (152,154) (155,157)  02-08  02  08 



-----------------------------D. Sowmiya.xml-----------------------------

(54,59) (54,56) (57,59)  05-28  05  28 
(158,163) (158,160) (161,163)  05-28  05  28 



-----------------------------N. N. Wadaskar.xml-----------------------------

(53,58) (53,55) (56,58)  01-29  01  29 
(158,163) (158,160) (161,163)  05-23  05  23 



-----------------------------Linda Ruchala.xml-----------------------------

(54,59) (54,56) (57,59)  07-08  07  08 
(155,160) (155,157) (158,160)  02-19  02  19 



-----------------------------Isabell Stamm.xml-----------------------------

(54,59) (54,56) (57,59)  10-15  10  15 
(160,165) (160,162) (163,165)  10-02  10  02 



-----------------------------Qiudi Li.xml-----------------------------

(54,59) (54,56) (57,59)  01-30  01  30 
(150,155) (150,152) (153,155)  01-30  01  30 



-----------------------------Ellen Francik.xml-----------------------------

(53,58) (53,55) (56,58)  06-10  06  10 
(154,159) (154,156) (157,159)  11-06  11  06 



-----------------------------Seokchul Shin.xml-----------------------------

(54,59) (54,56) (57,59)  09-29  09  29 
(158,163) (158,160) (161,163)  09-29  09  29 



-----------------------------Layan Alwakeel.xml-----------------------------

(54,59) (54,56) (57,59)  10-25  10  25 
(156,161) (156,158) (159,161)  06-23  06  23 



-----------------------------Antoaneta Grozeva.xml-----------------------------

(166,171) (166,168) (169,171)  03-15  03  15 
(54,59) (54,56) (57,59)  03-15  03  15 



-----------------------------Abdulmajeed Almuhaysin.xml-----------------------------

(54,59) (54,56) (57,59)  02-12  02  12 
(168,173) (168,170) (171,173)  05-19  05  19 



-----------------------------José Montalva-Carmona.xml-----------------------------

(54,59) (54,56) (57,59)  12-12  12  12 
(169,174) (169,171) (172,174)  08-25  08  25 



-----------------------------Mike Lazarus.xml-----------------------------

(54,59) (54,56) (57,59)  04-06  04  06 
(156,161) (156,158) (159,161)  03-12  03  12 



-----------------------------C. Nikoosh Carlo.xml-----------------------------

(54,59) (54,56) (57,59)  07-12  07  12 
(160,165) (160,162) (163,165)  10-02  10  02 



-----------------------------Zsuzsa Saplacan.xml-----------------------------

(54,59) (54,56) (57,59)  09-25  09  25 
(159,164) (159,161) (162,164)  10-06  10  06 



-----------------------------Joakim Yngve.xml-----------------------------

(53,58) (53,55) (56,58)  06-09  06  09 
(150,155) (150,152) (153,155)  06-10  06  10 



-----------------------------Bernhard Snizek.xml-----------------------------

(54,59) (54,56) (57,59)  09-06  09  06 
(158,163) (158,160) (161,163)  08-25  08  25 



-----------------------------Sowmiya Sree S.xml-----------------------------

(54,59) (54,56) (57,59)  11-26  11  26 
(158,163) (158,160) (161,163)  04-27  04  27 



-----------------------------Yangli Chen.xml-----------------------------

(54,59) (54,56) (57,59)  07-28  07  28 
(152,157) (152,154) (155,157)  06-21  06  21 



-----------------------------Neal R. Swerdlow.xml-----------------------------

(53,58) (53,55) (56,58)  08-20  08  20 
(154,159) (154,156) (157,159)  10-02  10  02 



-----------------------------Hera Almpanoudi.xml-----------------------------

(54,59) (54,56) (57,59)  01-15  01  15 
(159,164) (159,161) (162,164)  08-16  08  16 



-----------------------------Masakazu Endo.xml-----------------------------

(53,58) (53,55) (56,58)  01-12  01  12 
(155,160) (155,157) (158,160)  04-11  04  11 



-----------------------------Ryo Sogabe.xml-----------------------------

(151,156) (151,153) (154,156)  03-02  03  02 
(54,59) (54,56) (57,59)  02-11  02  11 



-----------------------------Kevin M. McEnery.xml-----------------------------

(53,58) (53,55) (56,58)  08-11  08  11 
(157,162) (157,159) (160,162)  07-09  07  09 



-----------------------------Suputa Suputa.xml-----------------------------

(54,59) (54,56) (57,59)  12-16  12  16 
(157,162) (157,159) (160,162)  10-14  10  14 



-----------------------------Katja Lehtisaari.xml-----------------------------

(54,59) (54,56) (57,59)  11-17  11  17 
(168,173) (168,170) (171,173)  10-02  10  02 



-----------------------------Gyeongha Ryu.xml-----------------------------

(54,59) (54,56) (57,59)  12-02  12  02 
(157,162) (157,159) (160,162)  11-17  11  17 



-----------------------------Ryoma Takamori.xml-----------------------------

(54,59) (54,56) (57,59)  04-24  04  24 
(623,628) (623,625) (626,628)  05-03  05  03 
(158,163) (158,160) (161,163)  11-21  11  21 



-----------------------------Teeraporn Saeheaw.xml-----------------------------

(54,59) (54,56) (57,59)  07-26  07  26 
(152,157) (152,154) (155,157)  07-26  07  26 
(620,625) (620,622) (623,625)  10-02  10  02 



-----------------------------Cuo Yong.xml-----------------------------

(54,59) (54,56) (57,59)  12-29  12  29 
(612,617) (612,614) (615,617)  12-29  12  29 
(147,152) (147,149) (150,152)  12-29  12  29 



-----------------------------Emily Zielinski-Gutierrez.xml-----------------------------

(184,189) (184,186) (187,189)  08-25  08  25 
(54,59) (54,56) (57,59)  07-17  07  17 



-----------------------------Nathalie Tkauc.xml-----------------------------

(650,655) (650,652) (653,655)  04-09  04  09 
(54,59) (54,56) (57,59)  04-28  04  28 
(158,163) (158,160) (161,163)  04-28  04  28 



-----------------------------Yohanes Yudhi Adikusuma.xml-----------------------------

(657,662) (657,659) (660,662)  07-05  07  05 
(165,170) (165,167) (168,170)  04-09  04  09 
(54,59) (54,56) (57,59)  04-30  04  30 



-----------------------------Syed Aizaz Ali Shah.xml-----------------------------

(163,168) (163,165) (166,168)  11-26  11  26 
(54,59) (54,56) (57,59)  11-20  11  20 
(694,699) (694,696) (697,699)  10-25  10  25 



-----------------------------Daniel Fologea.xml-----------------------------

(54,59) (54,56) (57,59)  07-28  07  28 
(623,628) (623,625) (626,628)  10-02  10  02 
(155,160) (155,157) (158,160)  08-13  08  13 



-----------------------------Carlos Romero-Piqueras.xml-----------------------------

(54,59) (54,56) (57,59)  08-20  08  20 
(172,177) (172,174) (175,177)  10-14  10  14 
(812,817) (812,814) (815,817)  08-20  08  20 



-----------------------------Jimmy Hadi Susanto.xml-----------------------------

(711,716) (711,713) (714,716)  06-19  06  19 
(54,59) (54,56) (57,59)  12-15  12  15 
(161,166) (161,163) (164,166)  05-21  05  21 



-----------------------------Tomohide Ishigami.xml-----------------------------

(163,168) (163,165) (166,168)  07-25  07  25 
(54,59) (54,56) (57,59)  04-09  04  09 
(761,766) (761,763) (764,766)  05-25  05  25 



-----------------------------Sara Bernardi.xml-----------------------------

(691,696) (691,693) (694,696)  09-02  09  02 
(54,59) (54,56) (57,59)  03-04  03  04 
(154,159) (154,156) (157,159)  10-02  10  02 



-----------------------------Mousalreza Faramarzi Palangar.xml-----------------------------

(54,59) (54,56) (57,59)  07-30  07  30 
(173,178) (173,175) (176,178)  09-16  09  16 
(929,934) (929,931) (932,934)  12-15  12  15 



-----------------------------Arthur Chavignon.xml-----------------------------

(54,59) (54,56) (57,59)  12-07  12  07 
(774,779) (774,776) (777,779)  06-28  06  28 
(156,161) (156,158) (159,161)  10-02  10  02 



-----------------------------Eric Wilkening.xml-----------------------------

(691,696) (691,693) (694,696)  05-22  05  22 
(54,59) (54,56) (57,59)  10-21  10  21 
(159,164) (159,161) (162,164)  05-22  05  22 
(1140,1145) (1140,1142) (1143,1145)  08-08  08  08 



-----------------------------Joe Chang.xml-----------------------------

(54,59) (54,56) (57,59)  12-13  12  13 
(1124,1129) (1124,1126) (1127,1129)  02-19  02  19 
(621,626) (621,623) (624,626)  05-20  05  20 
(148,153) (148,150) (151,153)  05-20  05  20 



-----------------------------Umesh K. Reddy.xml-----------------------------

(54,59) (54,56) (57,59)  02-20  02  20 
(160,165) (160,162) (163,165)  10-02  10  02 



-----------------------------Sung Jun Hong.xml-----------------------------

(54,59) (54,56) (57,59)  11-24  11  24 
(857,862) (857,859) (860,862)  11-14  11  14 
(153,158) (153,155) (156,158)  10-26  10  26 



-----------------------------Osamu Tokumasu.xml-----------------------------

(1092,1097) (1092,1094) (1095,1097)  06-28  06  28 
(626,631) (626,628) (629,631)  12-07  12  07 
(52,57) (52,54) (55,57)  06-09  06  09 
(154,159) (154,156) (157,159)  04-11  04  11 



-----------------------------John E. Olson.xml-----------------------------

(545,550) (545,547) (548,550)  02-16  02  16 
(904,909) (904,906) (907,909)  02-12  02  12 
(53,58) (53,55) (56,58)  06-09  06  09 
(1289,1294) (1289,1291) (1292,1294)  07-22  07  22 
(149,154) (149,151) (152,154)  02-16  02  16 



-----------------------------Markus Vogt.xml-----------------------------

(1793,1798) (1793,1795) (1796,1798)  05-21  05  21 
(54,59) (54,56) (57,59)  11-12  11  12 
(693,698) (693,695) (696,698)  08-13  08  13 
(1190,1195) (1190,1192) (1193,1195)  10-19  10  19 
(153,158) (153,155) (156,158)  04-24  04  24 



-----------------------------Quentin Clairon.xml-----------------------------

(54,59) (54,56) (57,59)  12-13  12  13 
(157,162) (157,159) (160,162)  01-31  01  31 
(1275,1280) (1275,1277) (1278,1280)  10-19  10  19 
(1802,1807) (1802,1804) (1805,1807)  10-19  10  19 
(762,767) (762,764) (765,767)  02-21  02  21 



-----------------------------Pratik S. Sachdeva.xml-----------------------------

(54,59) (54,56) (57,59)  10-15  10  15 
(1384,1389) (1384,1386) (1387,1389)  06-22  06  22 
(160,165) (160,162) (163,165)  09-01  09  01 
(702,707) (702,704) (705,707)  08-16  08  16 
(1919,1924) (1919,1921) (1922,1924)  05-30  05  30 



-----------------------------Mark Lowton.xml-----------------------------

(2216,2221) (2216,2218) (2219,2221)  10-19  10  19 
(53,58) (53,55) (56,58)  06-09  06  09 
(1491,1496) (1491,1493) (1494,1496)  06-29  06  29 
(156,161) (156,158) (159,161)  10-31  10  31 
(803,808) (803,805) (806,808)  10-31  10  31 



-----------------------------Jure Stojan.xml-----------------------------

(53,58) (53,55) (56,58)  06-09  06  09 
(1320,1325) (1320,1322) (1323,1325)  05-14  05  14 
(891,896) (891,893) (894,896)  05-14  05  14 
(155,160) (155,157) (158,160)  10-26  10  26 
(1899,1904) (1899,1901) (1902,1904)  03-06  03  06 



-----------------------------Aniketh Venkat.xml-----------------------------

(1561,1566) (1561,1563) (1564,1566)  05-30  05  30 
(54,59) (54,56) (57,59)  01-17  01  17 
(2312,2317) (2312,2314) (2315,2317)  05-25  05  25 
(159,164) (159,161) (162,164)  10-02  10  02 
(874,879) (874,876) (877,879)  10-02  10  02 



-----------------------------Arjun Arumbakkam.xml-----------------------------

(1366,1371) (1366,1368) (1369,1371)  05-22  05  22 
(734,739) (734,736) (737,739)  10-14  10  14 
(2394,2399) (2394,2396) (2397,2399)  05-17  05  17 
(159,164) (159,161) (162,164)  03-13  03  13 
(52,57) (52,54) (55,57)  06-09  06  09 
(1921,1926) (1921,1923) (1924,1926)  05-22  05  22 



-----------------------------Valérie Monbet.xml-----------------------------

(1033,1038) (1033,1035) (1036,1038)  06-26  06  26 
(1519,1524) (1519,1521) (1522,1524)  02-18  02  18 
(54,59) (54,56) (57,59)  01-08  01  08 
(2458,2463) (2458,2460) (2461,2463)  05-31  05  31 
(1975,1980) (1975,1977) (1978,1980)  04-29  04  29 
(156,161) (156,158) (159,161)  03-31  03  31 
(2980,2985) (2980,2982) (2983,2985)  03-08  03  08 
(614,619) (614,616) (617,619)  02-19  02  19 



-----------------------------Masahiko Nakamizo.xml-----------------------------

(164,169) (164,166) (167,169)  08-30  08  30 
(54,59) (54,56) (57,59)  03-14  03  14 
(2479,2484) (2479,2481) (2482,2484)  04-09  04  09 
(1339,1344) (1339,1341) (1342,1344)  11-30  11  30 



-----------------------------Yong-Zhong He.xml-----------------------------

(3167,3172) (3167,3169) (3170,3172)  11-04  11  04 
(760,765) (760,762) (763,765)  09-15  09  15 
(53,58) (53,55) (56,58)  06-09  06  09 
(2644,2649) (2644,2646) (2647,2649)  05-23  05  23 
(1187,1192) (1187,1189) (1190,1192)  07-09  07  09 
(2161,2166) (2161,2163) (2164,2166)  05-23  05  23 
(148,153) (148,150) (151,153)  08-16  08  16 
(1687,1692) (1687,1689) (1690,1692)  05-24  05  24 



-----------------------------Emmanuel Arias.xml-----------------------------

(162,167) (162,164) (165,167)  10-02  10  02 
(54,59) (54,56) (57,59)  06-15  06  15 



-----------------------------Yooseong Kim.xml-----------------------------

(151,156) (151,153) (154,156)  05-04  05  04 
(2632,2637) (2632,2634) (2635,2637)  01-03  01  03 
(2068,2073) (2068,2070) (2071,2073)  07-01  07  01 
(3162,3167) (3162,3164) (3165,3167)  01-03  01  03 
(54,59) (54,56) (57,59)  09-06  09  06 
(1070,1075) (1070,1072) (1073,1075)  01-03  01  03 
(626,631) (626,628) (629,631)  01-03  01  03 
(4148,4153) (4148,4150) (4151,4153)  01-03  01  03 
(3747,3752) (3747,3749) (3750,3752)  11-06  11  06 
(1565,1570) (1565,1567) (1568,1570)  01-03  01  03 
(4664,4669) (4664,4666) (4667,4669)  05-17  05  17 



-----------------------------Thierry Derrmann.xml-----------------------------

(4057,4062) (4057,4059) (4060,4062)  09-25  09  25 
(5615,5620) (5615,5617) (5618,5620)  09-25  09  25 
(2573,2578) (2573,2575) (2576,2578)  11-02  11  02 
(5126,5131) (5126,5128) (5129,5131)  11-06  11  06 
(54,59) (54,56) (57,59)  05-27  05  27 
(227,232) (227,229) (230,232)  03-24  03  24 
(814,819) (814,816) (817,819)  03-24  03  24 
(1384,1389) (1384,1386) (1387,1389)  08-25  08  25 
(4588,4593) (4588,4590) (4591,4593)  10-25  10  25 
(1968,1973) (1968,1970) (1971,1973)  10-25  10  25 
(6140,6145) (6140,6142) (6143,6145)  11-02  11  02 
(3065,3070) (3065,3067) (3068,3070)  11-02  11  02 
(3551,3556) (3551,3553) (3554,3556)  11-02  11  02 



-----------------------------Zeyang Ye.xml-----------------------------

(5611,5616) (5611,5613) (5614,5616)  02-03  02  03 
(6098,6103) (6098,6100) (6101,6103)  01-04  01  04 
(54,59) (54,56) (57,59)  02-09  02  09 
(4402,4407) (4402,4404) (4405,4407)  09-01  09  01 
(2368,2373) (2368,2370) (2371,2373)  07-03  07  03 
(7050,7055) (7050,7052) (7053,7055)  02-03  02  03 
(1879,1884) (1879,1881) (1882,1884)  01-25  01  25 
(6527,6532) (6527,6529) (6530,6532)  05-26  05  26 
(2801,2806) (2801,2803) (2804,2806)  11-22  11  22 
(1317,1322) (1317,1319) (1320,1322)  01-08  01  08 
(5073,5078) (5073,5075) (5076,5078)  01-21  01  21 
(3274,3279) (3274,3276) (3277,3279)  04-14  04  14 
(146,151) (146,148) (149,151)  02-05  02  05 
(826,831) (826,828) (829,831)  09-27  09  27 
(3742,3747) (3742,3744) (3745,3747)  09-01  09  01 



-----------------------------Thomas Müller 0009.xml-----------------------------

(12411,12416) (12411,12413) (12414,12416)  08-06  08  06 
(11248,11253) (11248,11250) (11251,11253)  10-14  10  14 
(438,443) (438,440) (441,443)  07-17  07  17 
(3915,3920) (3915,3917) (3918,3920)  12-07  12  07 
(5011,5016) (5011,5013) (5014,5016)  07-25  07  25 
(9080,9085) (9080,9082) (9083,9085)  10-14  10  14 
(13413,13418) (13413,13415) (13416,13418)  10-14  10  14 
(4436,4441) (4436,4438) (4439,4441)  08-09  08  09 
(2912,2917) (2912,2914) (2915,2917)  10-14  10  14 
(7298,7303) (7298,7300) (7301,7303)  08-06  08  06 
(1856,1861) (1856,1858) (1859,1861)  10-14  10  14 
(55,60) (55,57) (58,60)  10-26  10  26 
(1340,1345) (1340,1342) (1343,1345)  10-14  10  14 
(6280,6285) (6280,6282) (6283,6285)  10-14  10  14 
(12851,12856) (12851,12853) (12854,12856)  08-09  08  09 
(6790,6795) (6790,6792) (6793,6795)  08-06  08  06 
(3389,3394) (3389,3391) (3392,3394)  12-07  12  07 
(10798,10803) (10798,10800) (10801,10803)  08-06  08  06 
(11831,11836) (11831,11833) (11834,11836)  10-14  10  14 
(9677,9682) (9677,9679) (9680,9682)  01-20  01  20 
(853,858) (853,855) (856,858)  09-21  09  21 
(2392,2397) (2392,2394) (2395,2397)  10-14  10  14 
(5602,5607) (5602,5604) (5605,5607)  07-25  07  25 
(7878,7883) (7878,7880) (7881,7883)  10-14  10  14 
(8466,8471) (8466,8468) (8469,8471)  10-14  10  14 
(10261,10266) (10261,10263) (10264,10266)  10-14  10  14 



-----------------------------Jianjun Wu 0001.xml-----------------------------

(291,296) (291,293) (294,296)  10-06  10  06 
(5246,5251) (5246,5248) (5249,5251)  02-23  02  23 
(6432,6437) (6432,6434) (6435,6437)  06-23  06  23 
(12743,12748) (12743,12745) (12746,12748)  10-14  10  14 
(15275,15280) (15275,15277) (15278,15280)  05-25  05  25 
(7673,7678) (7673,7675) (7676,7678)  06-23  06  23 
(11442,11447) (11442,11444) (11445,11447)  09-25  09  25 
(9036,9041) (9036,9038) (9039,9041)  09-05  09  05 
(9721,9726) (9721,9723) (9724,9726)  09-05  09  05 
(1082,1087) (1082,1084) (1085,1087)  09-05  09  05 
(13767,13772) (13767,13769) (13770,13772)  05-25  05  25 
(10960,10965) (10960,10962) (10963,10965)  05-25  05  25 
(16274,16279) (16274,16276) (16277,16279)  09-05  09  05 
(1861,1866) (1861,1863) (1864,1866)  05-16  05  16 
(5871,5876) (5871,5873) (5874,5876)  08-12  08  12 
(12136,12141) (12136,12138) (12139,12141)  10-14  10  14 
(3230,3235) (3230,3232) (3233,3235)  05-11  05  11 
(4551,4556) (4551,4553) (4554,4556)  08-16  08  16 
(8452,8457) (8452,8454) (8455,8457)  01-21  01  21 
(10371,10376) (10371,10373) (10374,10376)  05-19  05  19 
(2557,2562) (2557,2559) (2560,2562)  06-16  06  16 
(15727,15732) (15727,15729) (15730,15732)  05-21  05  21 
(55,60) (55,57) (58,60)  03-14  03  14 
(14237,14242) (14237,14239) (14240,14242)  11-21  11  21 
(13267,13272) (13267,13269) (13270,13272)  05-25  05  25 
(7063,7068) (7063,7065) (7066,7068)  09-05  09  05 
(3876,3881) (3876,3878) (3879,3881)  05-20  05  20 
(14842,14847) (14842,14844) (14845,14847)  05-25  05  25 



-----------------------------José Javier Dolado.xml-----------------------------

(15537,15542) (15537,15539) (15540,15542)  12-19  12  19 
(16755,16760) (16755,16757) (16758,16760)  12-17  12  17 
(13436,13441) (13436,13438) (13439,13441)  07-03  07  03 
(18256,18261) (18256,18258) (18259,18261)  02-02  02  02 
(10230,10235) (10230,10232) (10233,10235)  11-30  11  30 
(19304,19309) (19304,19306) (19307,19309)  11-14  11  14 
(7098,7103) (7098,7100) (7101,7103)  02-20  02  20 
(798,803) (798,800) (801,803)  02-11  02  11 
(21532,21537) (21532,21534) (21535,21537)  03-23  03  23 
(8018,8023) (8018,8020) (8021,8023)  09-05  09  05 
(53,58) (53,55) (56,58)  09-15  09  15 
(10785,10790) (10785,10787) (10788,10790)  10-19  10  19 
(3983,3988) (3983,3985) (3986,3988)  03-22  03  22 
(11877,11882) (11877,11879) (11880,11882)  10-19  10  19 
(12427,12432) (12427,12429) (12430,12432)  06-15  06  15 
(2608,2613) (2608,2610) (2611,2613)  09-17  09  17 
(19987,19992) (19987,19989) (19990,19992)  02-12  02  12 
(4594,4599) (4594,4596) (4597,4599)  06-15  06  15 
(20756,20761) (20756,20758) (20759,20761)  02-12  02  12 
(12881,12886) (12881,12883) (12884,12886)  09-25  09  25 
(3123,3128) (3123,3125) (3126,3128)  04-09  04  09 
(5533,5538) (5533,5535) (5536,5538)  06-21  06  21 
(335,340) (335,337) (338,340)  05-20  05  20 
(9695,9700) (9695,9697) (9698,9700)  02-18  02  18 
(2013,2018) (2013,2015) (2016,2018)  06-15  06  15 
(11318,11323) (11318,11320) (11321,11323)  10-19  10  19 
(3556,3561) (3556,3558) (3559,3561)  04-01  04  01 
(6592,6597) (6592,6594) (6595,6597)  02-20  02  20 
(17079,17084) (17079,17081) (17082,17084)  09-18  09  18 
(17507,17512) (17507,17509) (17510,17512)  02-11  02  11 
(14734,14739) (14734,14736) (14737,14739)  12-15  12  15 
(7598,7603) (7598,7600) (7601,7603)  02-20  02  20 
(5070,5075) (5070,5072) (5073,5075)  02-24  02  24 
(8845,8850) (8845,8847) (8848,8850)  08-25  08  25 
(14333,14338) (14333,14335) (14336,14338)  10-04  10  04 
(6095,6100) (6095,6097) (6098,6100)  06-15  06  15 
(15925,15930) (15925,15927) (15928,15930)  03-03  03  03 
(1521,1526) (1521,1523) (1524,1526)  06-15  06  15 
(15157,15162) (15157,15159) (15160,15162)  12-17  12  17 
(9226,9231) (9226,9228) (9229,9231)  10-31  10  31 
(16343,16348) (16343,16345) (16346,16348)  12-17  12  17 
(18705,18710) (18705,18707) (18708,18710)  11-06  11  06 



-----------------------------Jun Yoneyama.xml-----------------------------

(5130,5135) (5130,5132) (5133,5135)  07-22  07  22 
(150,155) (150,152) (153,155)  05-12  05  12 
(6136,6141) (6136,6138) (6139,6141)  02-19  02  19 
(11756,11761) (11756,11758) (11759,11761)  02-15  02  15 
(8691,8696) (8691,8693) (8694,8696)  02-19  02  19 
(9951,9956) (9951,9953) (9954,9956)  02-20  02  20 
(29772,29777) (29772,29774) (29775,29777)  05-23  05  23 
(22334,22339) (22334,22336) (22337,22339)  05-21  05  21 
(4705,4710) (4705,4707) (4708,4710)  07-22  07  22 
(53,58) (53,55) (56,58)  06-10  06  10 
(6618,6623) (6618,6620) (6621,6623)  02-19  02  19 
(1953,1958) (1953,1955) (1956,1958)  02-16  02  16 
(3299,3304) (3299,3301) (3302,3304)  05-27  05  27 
(21096,21101) (21096,21098) (21099,21101)  05-21  05  21 
(28971,28976) (28971,28973) (28974,28976)  02-19  02  19 
(2911,2916) (2911,2913) (2914,2916)  05-27  05  27 
(17884,17889) (17884,17886) (17887,17889)  05-26  05  26 
(17049,17054) (17049,17051) (17052,17054)  05-27  05  27 
(22730,22735) (22730,22732) (22733,22735)  05-21  05  21 
(25940,25945) (25940,25942) (25943,25945)  06-06  06  06 
(16587,16592) (16587,16589) (16590,16592)  05-23  05  23 
(7841,7846) (7841,7843) (7844,7846)  02-19  02  19 
(27238,27243) (27238,27240) (27241,27243)  10-02  10  02 
(26814,26819) (26814,26816) (26817,26819)  03-07  03  07 
(30156,30161) (30156,30158) (30159,30161)  03-28  03  28 
(26413,26418) (26413,26415) (26416,26418)  05-19  05  19 
(9523,9528) (9523,9525) (9526,9528)  05-28  05  28 
(24039,24044) (24039,24041) (24042,24044)  05-21  05  21 
(18282,18287) (18282,18284) (18285,18287)  05-09  05  09 
(23153,23158) (23153,23155) (23156,23158)  05-21  05  21 
(5633,5638) (5633,5635) (5636,5638)  02-19  02  19 
(20670,20675) (20670,20672) (20673,20675)  10-23  10  23 
(16137,16142) (16137,16139) (16140,16142)  05-04  05  04 
(17445,17450) (17445,17447) (17448,17450)  05-17  05  17 
(21493,21498) (21493,21495) (21496,21498)  05-21  05  21 
(2434,2439) (2434,2436) (2437,2439)  02-16  02  16 
(27720,27725) (27720,27722) (27723,27725)  02-21  02  21 
(10830,10835) (10830,10832) (10833,10835)  05-26  05  26 
(28180,28185) (28180,28182) (28183,28185)  07-26  07  26 
(1005,1010) (1005,1007) (1008,1010)  02-25  02  25 
(10419,10424) (10419,10421) (10422,10424)  05-26  05  26 
(15130,15135) (15130,15132) (15133,15135)  05-17  05  17 
(20194,20199) (20194,20196) (20197,20199)  05-21  05  21 
(9122,9127) (9122,9124) (9125,9127)  02-19  02  19 
(12599,12604) (12599,12601) (12602,12604)  05-17  05  17 
(21914,21919) (21914,21916) (21917,21919)  05-21  05  21 
(23575,23580) (23575,23577) (23578,23580)  05-21  05  21 
(14669,14674) (14669,14671) (14672,14674)  05-17  05  17 
(18801,18806) (18801,18803) (18804,18806)  12-08  12  08 
(3729,3734) (3729,3731) (3732,3734)  07-22  07  22 
(19733,19738) (19733,19735) (19736,19738)  04-29  04  29 
(24520,24525) (24520,24522) (24523,24525)  05-21  05  21 
(13834,13839) (13834,13836) (13837,13839)  05-17  05  17 
(19223,19228) (19223,19225) (19226,19228)  05-24  05  24 
(11277,11282) (11277,11279) (11280,11282)  05-17  05  17 
(13456,13461) (13456,13458) (13459,13461)  05-17  05  17 
(1500,1505) (1500,1502) (1503,1505)  02-16  02  16 
(25440,25445) (25440,25442) (25443,25445)  10-02  10  02 
(6988,6993) (6988,6990) (6991,6993)  02-19  02  19 
(24989,24994) (24989,24991) (24992,24994)  05-21  05  21 
(7398,7403) (7398,7400) (7401,7403)  02-19  02  19 
(29375,29380) (29375,29377) (29378,29380)  05-25  05  25 
(4211,4216) (4211,4213) (4214,4216)  07-22  07  22 
(14255,14260) (14255,14257) (14258,14260)  05-17  05  17 
(15599,15604) (15599,15601) (15602,15604)  02-21  02  21 
(12158,12163) (12158,12160) (12161,12163)  01-24  01  24 
(28576,28581) (28576,28578) (28579,28581)  08-08  08  08 
(599,604) (599,601) (602,604)  02-24  02  24 
(13053,13058) (13053,13055) (13056,13058)  05-17  05  17 
(8279,8284) (8279,8281) (8282,8284)  02-19  02  19 



-----------------------------Hua Wu.xml-----------------------------

(20129,20134) (20129,20131) (20132,20134)  11-16  11  16 
(19220,19225) (19220,19222) (19223,19225)  05-26  05  26 
(5433,5438) (5433,5435) (5436,5438)  04-09  04  09 
(14954,14959) (14954,14956) (14957,14959)  08-08  08  08 
(11696,11701) (11696,11698) (11699,11701)  08-02  08  02 
(29092,29097) (29092,29094) (29095,29097)  03-07  03  07 
(22332,22337) (22332,22334) (22335,22337)  06-23  06  23 
(53,58) (53,55) (56,58)  03-03  03  03 
(26172,26177) (26172,26174) (26175,26177)  07-21  07  21 
(2547,2552) (2547,2549) (2550,2552)  10-02  10  02 
(14336,14341) (14336,14338) (14339,14341)  09-08  09  08 
(12373,12378) (12373,12375) (12376,12378)  10-02  10  02 
(25482,25487) (25482,25484) (25485,25487)  07-21  07  21 
(16576,16581) (16576,16578) (16579,16581)  04-07  04  07 
(30462,30467) (30462,30464) (30465,30467)  08-06  08  06 
(4704,4709) (4704,4706) (4707,4709)  10-02  10  02 
(17666,17671) (17666,17668) (17669,17671)  05-23  05  23 
(6447,6452) (6447,6449) (6450,6452)  02-25  02  25 
(716,721) (716,718) (719,721)  04-09  04  09 
(170,175) (170,172) (173,175)  08-06  08  06 
(30035,30040) (30035,30037) (30038,30040)  05-17  05  17 
(3840,3845) (3840,3842) (3843,3845)  10-02  10  02 
(24400,24405) (24400,24402) (24403,24405)  07-25  07  25 
(5984,5989) (5984,5986) (5987,5989)  04-25  04  25 
(7076,7081) (7076,7078) (7079,7081)  07-14  07  14 
(30907,30912) (30907,30909) (30910,30912)  08-01  08  01 
(18136,18141) (18136,18138) (18139,18141)  05-24  05  24 
(11097,11102) (11097,11099) (11100,11102)  08-16  08  16 
(8649,8654) (8649,8651) (8652,8654)  04-11  04  11 
(16100,16105) (16100,16102) (16103,16105)  05-16  05  16 
(26652,26657) (26652,26654) (26655,26657)  10-14  10  14 
(13386,13391) (13386,13388) (13389,13391)  12-15  12  15 
(17104,17109) (17104,17106) (17107,17109)  10-14  10  14 
(2045,2050) (2045,2047) (2048,2050)  05-11  05  11 
(29548,29553) (29548,29550) (29551,29553)  03-25  03  25 
(31534,31539) (31534,31536) (31537,31539)  08-01  08  01 
(9834,9839) (9834,9836) (9837,9839)  04-09  04  09 
(15627,15632) (15627,15629) (15630,15632)  04-12  04  12 
(24942,24947) (24942,24944) (24945,24947)  07-21  07  21 
(27134,27139) (27134,27136) (27137,27139)  08-11  08  11 
(28188,28193) (28188,28190) (28191,28193)  08-06  08  06 
(9289,9294) (9289,9291) (9292,9294)  05-11  05  11 
(23330,23335) (23330,23332) (23333,23335)  01-20  01  20 
(32188,32193) (32188,32190) (32191,32193)  08-06  08  06 
(18701,18706) (18701,18703) (18704,18706)  11-08  11  08 
(20593,20598) (20593,20595) (20596,20598)  08-06  08  06 
(22810,22815) (22810,22812) (22813,22815)  01-07  01  07 
(8150,8155) (8150,8152) (8153,8155)  05-11  05  11 
(7627,7632) (7627,7629) (7630,7632)  07-14  07  14 
(21828,21833) (21828,21830) (21831,21833)  09-30  09  30 
(23898,23903) (23898,23900) (23901,23903)  05-23  05  23 
(1497,1502) (1497,1499) (1500,1502)  06-16  06  16 
(21318,21323) (21318,21320) (21321,21323)  09-30  09  30 
(10485,10490) (10485,10487) (10488,10490)  08-30  08  30 
(19706,19711) (19706,19708) (19709,19711)  05-24  05  24 
(27739,27744) (27739,27741) (27742,27744)  08-06  08  06 
(28623,28628) (28623,28625) (28626,28628)  04-27  04  27 
(13805,13810) (13805,13807) (13808,13810)  03-23  03  23 




 
****************************************************************************
Time elapsed: 0h0m7s.